TITLE = "Residual History"
VARIABLES = "Step" "Time" "Residual"
ZONE F=POINT
1 0.00196078 0.00344947
2 0.00392157 0.00345552
3 0.00588235 0.00346161
4 0.00784314 0.00346772
5 0.00980392 0.00347385
6 0.0117647 0.00348001
7 0.0137255 0.00348619
8 0.0156863 0.0034924
9 0.0176471 0.00349863
10 0.0196078 0.00350489
11 0.0215686 0.00351117
12 0.0235294 0.00351748
13 0.0254902 0.00352382
14 0.027451 0.00353018
15 0.0294118 0.00353657
16 0.0313725 0.00354299
17 0.0333333 0.00354943
18 0.0352941 0.0035559
19 0.0372549 0.0035624
20 0.0392157 0.00356892
21 0.0411765 0.00357547
22 0.0431373 0.00358205
23 0.045098 0.00358866
24 0.0470588 0.00359529
25 0.0490196 0.00360195
26 0.0509804 0.00360864
27 0.0529412 0.00361536
28 0.054902 0.00362211
29 0.0568627 0.00362889
30 0.0588235 0.0036357
31 0.0607843 0.00364253
32 0.0627451 0.0036494
33 0.0647059 0.00365629
34 0.0666667 0.00366321
35 0.0686275 0.00367017
36 0.0705882 0.00367715
37 0.072549 0.00368417
38 0.0745098 0.00369121
39 0.0764706 0.00369829
40 0.0784314 0.0037054
41 0.0803922 0.00371254
42 0.0823529 0.00371971
43 0.0843137 0.00372691
44 0.0862745 0.00373415
45 0.0882353 0.00374141
46 0.0901961 0.00374871
47 0.0921569 0.00375604
48 0.0941176 0.00376341
49 0.0960784 0.0037708
50 0.0980392 0.00377824
51 0.1 0.0037857
52 0.101961 0.0037932
53 0.103922 0.00380073
54 0.105882 0.0038083
55 0.107843 0.0038159
56 0.109804 0.00382353
57 0.111765 0.0038312
58 0.113725 0.00383891
59 0.115686 0.00384665
60 0.117647 0.00385443
61 0.119608 0.00386224
62 0.121569 0.00387009
63 0.123529 0.00387797
64 0.12549 0.00388589
65 0.127451 0.00389385
66 0.129412 0.00390185
67 0.131373 0.00390988
68 0.133333 0.00391795
69 0.135294 0.00392606
70 0.137255 0.00393421
71 0.139216 0.0039424
72 0.141176 0.00395062
73 0.143137 0.00395889
74 0.145098 0.00396719
75 0.147059 0.00397554
76 0.14902 0.00398392
77 0.15098 0.00399235
78 0.152941 0.00400081
79 0.154902 0.00400932
80 0.156863 0.00401786
81 0.158824 0.00402645
82 0.160784 0.00403508
83 0.162745 0.00404376
84 0.164706 0.00405247
85 0.166667 0.00406123
86 0.168627 0.00407003
87 0.170588 0.00407888
88 0.172549 0.00408776
89 0.17451 0.0040967
90 0.176471 0.00410568
91 0.178431 0.0041147
92 0.180392 0.00412376
93 0.182353 0.00413288
94 0.184314 0.00414204
95 0.186275 0.00415124
96 0.188235 0.00416049
97 0.190196 0.00416979
98 0.192157 0.00417914
99 0.194118 0.00418853
100 0.196078 0.00419797
101 0.198039 0.00420746
102 0.2 0.004217
103 0.201961 0.00422659
104 0.203922 0.00423623
105 0.205882 0.00424591
106 0.207843 0.00425565
107 0.209804 0.00426544
108 0.211765 0.00427528
109 0.213725 0.00428517
110 0.215686 0.00429511
111 0.217647 0.00430511
112 0.219608 0.00431516
113 0.221569 0.00432526
114 0.223529 0.00433542
115 0.22549 0.00434563
116 0.227451 0.00435589
117 0.229412 0.00436621
118 0.231373 0.00437658
119 0.233333 0.00438701
120 0.235294 0.0043975
121 0.237255 0.00440805
122 0.239216 0.00441865
123 0.241176 0.00442931
124 0.243137 0.00444002
125 0.245098 0.0044508
126 0.247059 0.00446163
127 0.24902 0.00447253
128 0.25098 0.00448349
129 0.252941 0.0044945
130 0.254902 0.00450558
131 0.256863 0.00451672
132 0.258824 0.00452792
133 0.260784 0.00453918
134 0.262745 0.00455051
135 0.264706 0.0045619
136 0.266667 0.00457336
137 0.268627 0.00458488
138 0.270588 0.00459647
139 0.272549 0.00460812
140 0.27451 0.00461984
141 0.276471 0.00463163
142 0.278431 0.00464349
143 0.280392 0.00465541
144 0.282353 0.0046674
145 0.284314 0.00467947
146 0.286275 0.0046916
147 0.288235 0.00470381
148 0.290196 0.00471608
149 0.292157 0.00472843
150 0.294118 0.00474085
151 0.296078 0.00475335
152 0.298039 0.00476592
153 0.3 0.00477856
154 0.301961 0.00479128
155 0.303922 0.00480408
156 0.305882 0.00481695
157 0.307843 0.0048299
158 0.309804 0.00484293
159 0.311765 0.00485604
160 0.313725 0.00486923
161 0.315686 0.00488249
162 0.317647 0.00489585
163 0.319608 0.00490928
164 0.321569 0.00492279
165 0.323529 0.00493639
166 0.32549 0.00495008
167 0.327451 0.00496384
168 0.329412 0.0049777
169 0.331373 0.00499164
170 0.333333 0.00500567
171 0.335294 0.00501979
172 0.337255 0.005034
173 0.339216 0.0050483
174 0.341176 0.00506268
175 0.343137 0.00507717
176 0.345098 0.00509174
177 0.347059 0.00510641
178 0.34902 0.00512117
179 0.35098 0.00513603
180 0.352941 0.00515098
181 0.354902 0.00516604
182 0.356863 0.00518119
183 0.358824 0.00519644
184 0.360784 0.00521179
185 0.362745 0.00522725
186 0.364706 0.0052428
187 0.366667 0.00525846
188 0.368627 0.00527423
189 0.370588 0.0052901
190 0.372549 0.00530607
191 0.37451 0.00532216
192 0.376471 0.00533836
193 0.378431 0.00535466
194 0.380392 0.00537108
195 0.382353 0.00538761
196 0.384314 0.00540425
197 0.386275 0.00542101
198 0.388235 0.00543788
199 0.390196 0.00545487
200 0.392157 0.00547199
201 0.394118 0.00548922
202 0.396078 0.00550657
203 0.398039 0.00552404
204 0.4 0.00554164
205 0.401961 0.00555937
206 0.403922 0.00557722
207 0.405882 0.0055952
208 0.407843 0.00561331
209 0.409804 0.00563155
210 0.411765 0.00564993
211 0.413725 0.00566844
212 0.415686 0.00568708
213 0.417647 0.00570587
214 0.419608 0.00572479
215 0.421569 0.00574385
216 0.423529 0.00576306
217 0.42549 0.00578241
218 0.427451 0.00580191
219 0.429412 0.00582156
220 0.431373 0.00584135
221 0.433333 0.0058613
222 0.435294 0.00588141
223 0.437255 0.00590167
224 0.439216 0.00592209
225 0.441176 0.00594267
226 0.443137 0.00596341
227 0.445098 0.00598432
228 0.447059 0.0060054
229 0.44902 0.00602665
230 0.45098 0.00604807
231 0.452941 0.00606967
232 0.454902 0.00609145
233 0.456863 0.00611342
234 0.458824 0.00613557
235 0.460784 0.00615791
236 0.462745 0.00618045
237 0.464706 0.00620319
238 0.466667 0.00622613
239 0.468627 0.00624928
240 0.470588 0.00627264
241 0.472549 0.00629623
242 0.47451 0.00632004
243 0.476471 0.00634408
244 0.478431 0.00636836
245 0.480392 0.00639289
246 0.482353 0.00641768
247 0.484314 0.00644274
248 0.486275 0.00646807
249 0.488235 0.0064937
250 0.490196 0.00651963
251 0.492157 0.00654588
252 0.494118 0.00657247
253 0.496078 0.00659942
254 0.498039 0.00662674
255 0.5 0.00665447
256 0.501961 0.00668263
257 0.503922 0.00671124
258 0.505882 0.00674036
259 0.507843 0.00677001
260 0.509804 0.00680024
261 0.511765 0.0068311
262 0.513725 0.00686265
263 0.515686 0.00689495
264 0.517647 0.00692809
265 0.519608 0.00696214
266 0.521569 0.0069972
267 0.523529 0.00703338
268 0.52549 0.00707082
269 0.527451 0.00710964
270 0.529412 0.00715002
271 0.531373 0.00719214
272 0.533333 0.0072362
273 0.535294 0.00728247
274 0.537255 0.0073312
275 0.539216 0.00738271
276 0.541176 0.00743735
277 0.543137 0.00749552
278 0.545098 0.00755769
279 0.547059 0.00762436
280 0.54902 0.00769613
281 0.55098 0.00777364
282 0.552941 0.00785765
283 0.554902 0.00794898
284 0.556863 0.00804858
285 0.558824 0.00815749
286 0.560784 0.00827687
287 0.562745 0.00840803
288 0.564706 0.0085524
289 0.566667 0.00871158
290 0.568627 0.00888729
291 0.570588 0.00908146
292 0.572549 0.00929617
293 0.57451 0.00953367
294 0.576471 0.0097964
295 0.578431 0.010087
296 0.580392 0.0104083
297 0.582353 0.0107633
298 0.584314 0.0111551
299 0.586275 0.0115873
300 0.588235 0.0120633
301 0.590196 0.012587
302 0.592157 0.0131623
303 0.594118 0.0137936
304 0.596078 0.0144853
305 0.598039 0.015242
306 0.6 0.0160688
307 0.601961 0.016971
308 0.603922 0.0179541
309 0.605882 0.0190242
310 0.607843 0.0201875
311 0.609804 0.0214507
312 0.611765 0.0228213
313 0.613725 0.0243068
314 0.615686 0.0259155
315 0.617647 0.0276565
316 0.619608 0.0295391
317 0.621569 0.0315737
318 0.623529 0.0337713
319 0.62549 0.0361437
320 0.627451 0.0387037
321 0.629412 0.041465
322 0.631373 0.0444424
323 0.633333 0.0476519
324 0.635294 0.0511104
325 0.637255 0.0548365
326 0.639216 0.0588499
327 0.641176 0.0631719
328 0.643137 0.0678257
329 0.645098 0.0728358
330 0.647059 0.0782288
331 0.64902 0.0840335
332 0.65098 0.0902805
333 0.652941 0.097003
334 0.654902 0.104237
335 0.656863 0.11202
336 0.658824 0.120394
337 0.660784 0.129403
338 0.662745 0.139095
339 0.664706 0.149522
340 0.666667 0.160738
341 0.668627 0.172804
342 0.670588 0.185783
343 0.672549 0.199744
344 0.67451 0.21476
345 0.676471 0.230913
346 0.678431 0.248287
347 0.680392 0.266975
348 0.682353 0.287075
349 0.684314 0.308695
350 0.686275 0.331949
351 0.688235 0.356961
352 0.690196 0.383863
353 0.692157 0.412798
354 0.694118 0.44392
355 0.696078 0.477394
356 0.698039 0.513398
357 0.7 0.552123
358 0.701961 0.593774
359 0.703922 0.638574
360 0.705882 0.686759
361 0.707843 0.738586
362 0.709804 0.79433
363 0.711765 0.854288
364 0.713725 0.918778
365 0.715686 0.988142
366 0.717647 1.06275
367 0.719608 1.143
368 0.721569 1.22931
369 0.723529 1.32215
370 0.72549 1.42201
371 0.727451 1.52942
372 0.729412 1.64495
373 0.731373 1.76922
374 0.733333 1.90289
375 0.735294 2.04666
376 0.737255 2.2013
377 0.739216 2.36764
378 0.741176 2.54657
379 0.743137 2.73902
380 0.745098 2.94603
381 0.747059 3.1687
382 0.74902 3.40822
383 0.75098 3.66585
384 0.752941 3.94297
385 0.754902 4.24107
386 0.756863 4.56171
387 0.758824 4.90662
388 0.760784 5.27762
389 0.762745 5.6767
390 0.764706 6.10598
391 0.766667 6.56774
392 0.768627 7.06445
393 0.770588 7.59876
394 0.772549 8.17351
395 0.77451 8.79175
396 0.776471 9.4568
397 0.778431 10.1722
398 0.780392 10.9417
399 0.782353 11.7695
400 0.784314 12.66
401 0.786275 13.6179
402 0.788235 14.6483
403 0.790196 15.7568
404 0.792157 16.9491
405 0.794118 18.2318
406 0.796078 19.6116
407 0.798039 21.0959
408 0.8 22.6926
409 0.801961 24.4102
410 0.803922 26.2579
411 0.805882 28.2456
412 0.807843 30.3838
413 0.809804 32.684
414 0.811765 35.1584
415 0.813725 37.8203
416 0.815686 40.6838
417 0.817647 43.7643
418 0.819608 47.0782
419 0.821569 50.6431
420 0.823529 54.4782
421 0.82549 58.6039
422 0.827451 63.0422
423 0.829412 67.8168
424 0.831373 72.9532
425 0.833333 78.4789
426 0.835294 84.4234
427 0.837255 90.8185
428 0.839216 97.6982
429 0.841176 105.099
430 0.843137 113.062
431 0.845098 121.627
432 0.847059 130.842
433 0.84902 140.756
434 0.85098 151.421
435 0.852941 162.895
436 0.854902 175.238
437 0.856863 188.518
438 0.858824 202.804
439 0.860784 218.174
440 0.862745 234.709
441 0.864706 252.498
442 0.866667 271.635
443 0.868627 292.225
444 0.870588 314.375
445 0.872549 338.205
446 0.87451 363.843
447 0.876471 391.426
448 0.878431 421.1
449 0.880392 453.025
450 0.882353 487.372
451 0.884314 524.324
452 0.886275 564.079
453 0.888235 606.85
454 0.890196 652.866
455 0.892157 702.373
456 0.894118 755.636
457 0.896078 812.94
458 0.898039 874.591
459 0.9 940.921
460 0.901961 1012.28
461 0.903922 1089.06
462 0.905882 1171.67
463 0.907843 1260.54
464 0.909804 1356.15
465 0.911765 1459.03
466 0.913725 1569.71
467 0.915686 1688.79
468 0.917647 1816.91
469 0.919608 1954.75
470 0.921569 2103.05
471 0.923529 2262.62
472 0.92549 2434.29
473 0.927451 2618.99
474 0.929412 2817.72
475 0.931373 3031.53
476 0.933333 3261.58
477 0.935294 3509.09
478 0.937255 3775.39
479 0.939216 4061.91
480 0.941176 4370.18
481 0.943137 4701.86
482 0.945098 5058.73
483 0.947059 5442.69
484 0.94902 5855.81
485 0.95098 6300.3
486 0.952941 6778.54
487 0.954902 7293.1
488 0.956863 7846.74
489 0.958824 8442.43
490 0.960784 9083.36
491 0.962745 9772.96
492 0.964706 10514.9
493 0.966667 11313.3
494 0.968627 12172.3
495 0.970588 13096.5
496 0.972549 14090.9
497 0.97451 15160.9
498 0.976471 16312.1
499 0.978431 17550.8
500 0.980392 18883.7
501 0.982353 20317.7
502 0.984314 21860.7
503 0.986275 23521
504 0.988235 25307.4
505 0.990196 27229.5
506 0.992157 29297.7
507 0.994118 31523
508 0.996078 33917.4
509 0.998039 36493.7
510 1 39265.9
511 1 7.17654e-08
