TITLE = "Residual History"
VARIABLES = "Step" "Time" "Residual"
ZONE F=POINT
1 0.00196078 0.00344896
2 0.00392157 0.00344896
3 0.00588235 0.00344896
4 0.00784314 0.00344896
5 0.00980392 0.00344896
6 0.0117647 0.00344896
7 0.0137255 0.00344896
8 0.0156863 0.00344896
9 0.0176471 0.00344896
10 0.0196078 0.00344896
11 0.0215686 0.00344896
12 0.0235294 0.00344896
13 0.0254902 0.00344896
14 0.027451 0.00344896
15 0.0294118 0.00344896
16 0.0313725 0.00344896
17 0.0333333 0.00344896
18 0.0352941 0.00344896
19 0.0372549 0.00344896
20 0.0392157 0.00344896
21 0.0411765 0.00344896
22 0.0431373 0.00344896
23 0.045098 0.00344896
24 0.0470588 0.00344896
25 0.0490196 0.00344896
26 0.0509804 0.00344896
27 0.0529412 0.00344896
28 0.054902 0.00344896
29 0.0568627 0.00344896
30 0.0588235 0.00344896
31 0.0607843 0.00344896
32 0.0627451 0.00344896
33 0.0647059 0.00344896
34 0.0666667 0.00344896
35 0.0686275 0.00344896
36 0.0705882 0.00344896
37 0.072549 0.00344896
38 0.0745098 0.00344896
39 0.0764706 0.00344896
40 0.0784314 0.00344896
41 0.0803922 0.00344896
42 0.0823529 0.00344896
43 0.0843137 0.00344896
44 0.0862745 0.00344896
45 0.0882353 0.00344896
46 0.0901961 0.00344896
47 0.0921569 0.00344896
48 0.0941176 0.00344896
49 0.0960784 0.00344896
50 0.0980392 0.00344896
51 0.1 0.00344896
52 0.101961 0.00344896
53 0.103922 0.00344896
54 0.105882 0.00344896
55 0.107843 0.00344896
56 0.109804 0.00344896
57 0.111765 0.00344896
58 0.113725 0.00344896
59 0.115686 0.00344896
60 0.117647 0.00344896
61 0.119608 0.00344896
62 0.121569 0.00344896
63 0.123529 0.00344896
64 0.12549 0.00344896
65 0.127451 0.00344896
66 0.129412 0.00344896
67 0.131373 0.00344896
68 0.133333 0.00344896
69 0.135294 0.00344896
70 0.137255 0.00344896
71 0.139216 0.00344896
72 0.141176 0.00344896
73 0.143137 0.00344896
74 0.145098 0.00344896
75 0.147059 0.00344896
76 0.14902 0.00344896
77 0.15098 0.00344896
78 0.152941 0.00344896
79 0.154902 0.00344896
80 0.156863 0.00344896
81 0.158824 0.00344896
82 0.160784 0.00344896
83 0.162745 0.00344896
84 0.164706 0.00344896
85 0.166667 0.00344896
86 0.168627 0.00344896
87 0.170588 0.00344896
88 0.172549 0.00344896
89 0.17451 0.00344896
90 0.176471 0.00344896
91 0.178431 0.00344896
92 0.180392 0.00344896
93 0.182353 0.00344896
94 0.184314 0.00344896
95 0.186275 0.00344896
96 0.188235 0.00344896
97 0.190196 0.00344896
98 0.192157 0.00344896
99 0.194118 0.00344896
100 0.196078 0.00344896
101 0.198039 0.00344896
102 0.2 0.00344896
103 0.201961 0.00344896
104 0.203922 0.00344896
105 0.205882 0.00344896
106 0.207843 0.00344896
107 0.209804 0.00344896
108 0.211765 0.00344896
109 0.213725 0.00344896
110 0.215686 0.00344896
111 0.217647 0.00344896
112 0.219608 0.00344896
113 0.221569 0.00344896
114 0.223529 0.00344896
115 0.22549 0.00344896
116 0.227451 0.00344896
117 0.229412 0.00344896
118 0.231373 0.00344896
119 0.233333 0.00344896
120 0.235294 0.00344896
121 0.237255 0.00344896
122 0.239216 0.00344896
123 0.241176 0.00344896
124 0.243137 0.00344896
125 0.245098 0.00344896
126 0.247059 0.00344896
127 0.24902 0.00344896
128 0.25098 0.00344896
129 0.252941 0.00344896
130 0.254902 0.00344896
131 0.256863 0.00344896
132 0.258824 0.00344896
133 0.260784 0.00344896
134 0.262745 0.00344896
135 0.264706 0.00344896
136 0.266667 0.00344896
137 0.268627 0.00344896
138 0.270588 0.00344896
139 0.272549 0.00344896
140 0.27451 0.00344896
141 0.276471 0.00344896
142 0.278431 0.00344896
143 0.280392 0.00344896
144 0.282353 0.00344896
145 0.284314 0.00344896
146 0.286275 0.00344896
147 0.288235 0.00344896
148 0.290196 0.00344896
149 0.292157 0.00344896
150 0.294118 0.00344896
151 0.296078 0.00344896
152 0.298039 0.00344896
153 0.3 0.00344896
154 0.301961 0.00344896
155 0.303922 0.00344896
156 0.305882 0.00344896
157 0.307843 0.00344896
158 0.309804 0.00344896
159 0.311765 0.00344896
160 0.313725 0.00344896
161 0.315686 0.00344896
162 0.317647 0.00344896
163 0.319608 0.00344896
164 0.321569 0.00344896
165 0.323529 0.00344896
166 0.32549 0.00344896
167 0.327451 0.00344896
168 0.329412 0.00344896
169 0.331373 0.00344896
170 0.333333 0.00344896
171 0.335294 0.00344896
172 0.337255 0.00344896
173 0.339216 0.00344896
174 0.341176 0.00344896
175 0.343137 0.00344896
176 0.345098 0.00344896
177 0.347059 0.00344896
178 0.34902 0.00344896
179 0.35098 0.00344896
180 0.352941 0.00344896
181 0.354902 0.00344896
182 0.356863 0.00344896
183 0.358824 0.00344896
184 0.360784 0.00344896
185 0.362745 0.00344896
186 0.364706 0.00344896
187 0.366667 0.00344896
188 0.368627 0.00344896
189 0.370588 0.00344896
190 0.372549 0.00344896
191 0.37451 0.00344896
192 0.376471 0.00344896
193 0.378431 0.00344896
194 0.380392 0.00344896
195 0.382353 0.00344896
196 0.384314 0.00344896
197 0.386275 0.00344896
198 0.388235 0.00344896
199 0.390196 0.00344896
200 0.392157 0.00344896
201 0.394118 0.00344896
202 0.396078 0.00344896
203 0.398039 0.00344896
204 0.4 0.00344896
205 0.401961 0.00344896
206 0.403922 0.00344896
207 0.405882 0.00344896
208 0.407843 0.00344896
209 0.409804 0.00344896
210 0.411765 0.00344896
211 0.413725 0.00344896
212 0.415686 0.00344896
213 0.417647 0.00344896
214 0.419608 0.00344896
215 0.421569 0.00344896
216 0.423529 0.00344896
217 0.42549 0.00344896
218 0.427451 0.00344896
219 0.429412 0.00344896
220 0.431373 0.00344896
221 0.433333 0.00344896
222 0.435294 0.00344896
223 0.437255 0.00344896
224 0.439216 0.00344896
225 0.441176 0.00344896
226 0.443137 0.00344896
227 0.445098 0.00344896
228 0.447059 0.00344896
229 0.44902 0.00344896
230 0.45098 0.00344896
231 0.452941 0.00344896
232 0.454902 0.00344896
233 0.456863 0.00344896
234 0.458824 0.00344896
235 0.460784 0.00344896
236 0.462745 0.00344896
237 0.464706 0.00344896
238 0.466667 0.00344896
239 0.468627 0.00344896
240 0.470588 0.00344896
241 0.472549 0.00344896
242 0.47451 0.00344896
243 0.476471 0.00344896
244 0.478431 0.00344896
245 0.480392 0.00344896
246 0.482353 0.00344896
247 0.484314 0.00344896
248 0.486275 0.00344896
249 0.488235 0.00344896
250 0.490196 0.00344896
251 0.492157 0.00344896
252 0.494118 0.00344896
253 0.496078 0.00344896
254 0.498039 0.00344896
255 0.5 0.00344896
256 0.501961 0.00344896
257 0.503922 0.00344896
258 0.505882 0.00344896
259 0.507843 0.00344896
260 0.509804 0.00344896
261 0.511765 0.00344896
262 0.513725 0.00344896
263 0.515686 0.00344896
264 0.517647 0.00344896
265 0.519608 0.00344896
266 0.521569 0.00344896
267 0.523529 0.00344896
268 0.52549 0.00344896
269 0.527451 0.00344896
270 0.529412 0.00344896
271 0.531373 0.00344896
272 0.533333 0.00344896
273 0.535294 0.00344896
274 0.537255 0.00344896
275 0.539216 0.00344896
276 0.541176 0.00344896
277 0.543137 0.00344896
278 0.545098 0.00344896
279 0.547059 0.00344896
280 0.54902 0.00344896
281 0.55098 0.00344896
282 0.552941 0.00344896
283 0.554902 0.00344896
284 0.556863 0.00344896
285 0.558824 0.00344896
286 0.560784 0.00344896
287 0.562745 0.00344896
288 0.564706 0.00344896
289 0.566667 0.00344896
290 0.568627 0.00344896
291 0.570588 0.00344896
292 0.572549 0.00344896
293 0.57451 0.00344896
294 0.576471 0.00344896
295 0.578431 0.00344896
296 0.580392 0.00344896
297 0.582353 0.00344896
298 0.584314 0.00344896
299 0.586275 0.00344896
300 0.588235 0.00344896
301 0.590196 0.00344896
302 0.592157 0.00344896
303 0.594118 0.00344896
304 0.596078 0.00344896
305 0.598039 0.00344896
306 0.6 0.00344896
307 0.601961 0.00344896
308 0.603922 0.00344896
309 0.605882 0.00344896
310 0.607843 0.00344896
311 0.609804 0.00344896
312 0.611765 0.00344896
313 0.613725 0.00344896
314 0.615686 0.00344896
315 0.617647 0.00344896
316 0.619608 0.00344896
317 0.621569 0.00344896
318 0.623529 0.00344896
319 0.62549 0.00344896
320 0.627451 0.00344896
321 0.629412 0.00344896
322 0.631373 0.00344896
323 0.633333 0.00344896
324 0.635294 0.00344896
325 0.637255 0.00344896
326 0.639216 0.00344896
327 0.641176 0.00344896
328 0.643137 0.00344896
329 0.645098 0.00344896
330 0.647059 0.00344896
331 0.64902 0.00344896
332 0.65098 0.00344896
333 0.652941 0.00344896
334 0.654902 0.00344896
335 0.656863 0.00344896
336 0.658824 0.00344896
337 0.660784 0.00344896
338 0.662745 0.00344896
339 0.664706 0.00344896
340 0.666667 0.00344896
341 0.668627 0.00344896
342 0.670588 0.00344896
343 0.672549 0.00344896
344 0.67451 0.00344896
345 0.676471 0.00344896
346 0.678431 0.00344896
347 0.680392 0.00344896
348 0.682353 0.00344896
349 0.684314 0.00344896
350 0.686275 0.00344896
351 0.688235 0.00344896
352 0.690196 0.00344896
353 0.692157 0.00344896
354 0.694118 0.00344896
355 0.696078 0.00344896
356 0.698039 0.00344896
357 0.7 0.00344896
358 0.701961 0.00344896
359 0.703922 0.00344896
360 0.705882 0.00344896
361 0.707843 0.00344896
362 0.709804 0.00344896
363 0.711765 0.00344896
364 0.713725 0.00344896
365 0.715686 0.00344896
366 0.717647 0.00344896
367 0.719608 0.00344896
368 0.721569 0.00344896
369 0.723529 0.00344896
370 0.72549 0.00344896
371 0.727451 0.00344896
372 0.729412 0.00344896
373 0.731373 0.00344896
374 0.733333 0.00344896
375 0.735294 0.00344896
376 0.737255 0.00344896
377 0.739216 0.00344896
378 0.741176 0.00344896
379 0.743137 0.00344896
380 0.745098 0.00344896
381 0.747059 0.00344896
382 0.74902 0.00344896
383 0.75098 0.00344896
384 0.752941 0.00344896
385 0.754902 0.00344896
386 0.756863 0.00344896
387 0.758824 0.00344896
388 0.760784 0.00344896
389 0.762745 0.00344896
390 0.764706 0.00344896
391 0.766667 0.00344896
392 0.768627 0.00344896
393 0.770588 0.00344896
394 0.772549 0.00344896
395 0.77451 0.00344896
396 0.776471 0.00344896
397 0.778431 0.00344896
398 0.780392 0.00344896
399 0.782353 0.00344896
400 0.784314 0.00344896
401 0.786275 0.00344896
402 0.788235 0.00344896
403 0.790196 0.00344896
404 0.792157 0.00344896
405 0.794118 0.00344896
406 0.796078 0.00344896
407 0.798039 0.00344896
408 0.8 0.00344896
409 0.801961 0.00344896
410 0.803922 0.00344896
411 0.805882 0.00344896
412 0.807843 0.00344896
413 0.809804 0.00344896
414 0.811765 0.00344896
415 0.813725 0.00344896
416 0.815686 0.00344896
417 0.817647 0.00344896
418 0.819608 0.00344896
419 0.821569 0.00344896
420 0.823529 0.00344896
421 0.82549 0.00344896
422 0.827451 0.00344896
423 0.829412 0.00344896
424 0.831373 0.00344896
425 0.833333 0.00344896
426 0.835294 0.00344896
427 0.837255 0.00344896
428 0.839216 0.00344896
429 0.841176 0.00344896
430 0.843137 0.00344896
431 0.845098 0.00344896
432 0.847059 0.00344896
433 0.84902 0.00344896
434 0.85098 0.00344896
435 0.852941 0.00344896
436 0.854902 0.00344896
437 0.856863 0.00344896
438 0.858824 0.00344896
439 0.860784 0.00344896
440 0.862745 0.00344896
441 0.864706 0.00344896
442 0.866667 0.00344896
443 0.868627 0.00344896
444 0.870588 0.00344896
445 0.872549 0.00344896
446 0.87451 0.00344896
447 0.876471 0.00344896
448 0.878431 0.00344896
449 0.880392 0.00344896
450 0.882353 0.00344896
451 0.884314 0.00344896
452 0.886275 0.00344896
453 0.888235 0.00344896
454 0.890196 0.00344896
455 0.892157 0.00344896
456 0.894118 0.00344896
457 0.896078 0.00344896
458 0.898039 0.00344896
459 0.9 0.00344896
460 0.901961 0.00344896
461 0.903922 0.00344896
462 0.905882 0.00344896
463 0.907843 0.00344896
464 0.909804 0.00344896
465 0.911765 0.00344896
466 0.913725 0.00344896
467 0.915686 0.00344896
468 0.917647 0.00344896
469 0.919608 0.00344896
470 0.921569 0.00344896
471 0.923529 0.00344896
472 0.92549 0.00344896
473 0.927451 0.00344896
474 0.929412 0.00344896
475 0.931373 0.00344896
476 0.933333 0.00344896
477 0.935294 0.00344896
478 0.937255 0.00344896
479 0.939216 0.00344896
480 0.941176 0.00344896
481 0.943137 0.00344896
482 0.945098 0.00344896
483 0.947059 0.00344896
484 0.94902 0.00344896
485 0.95098 0.00344896
486 0.952941 0.00344896
487 0.954902 0.00344896
488 0.956863 0.00344896
489 0.958824 0.00344896
490 0.960784 0.00344896
491 0.962745 0.00344896
492 0.964706 0.00344896
493 0.966667 0.00344896
494 0.968627 0.00344896
495 0.970588 0.00344896
496 0.972549 0.00344896
497 0.97451 0.00344896
498 0.976471 0.00344896
499 0.978431 0.00344896
500 0.980392 0.00344896
501 0.982353 0.00344896
502 0.984314 0.00344896
503 0.986275 0.00344896
504 0.988235 0.00344896
505 0.990196 0.00344896
506 0.992157 0.00344896
507 0.994118 0.00344896
508 0.996078 0.00344896
509 0.998039 0.00344896
510 1 0.00344896
511 1 5.85932e-15
