TITLE = "Residual History"
VARIABLES = "Step" "Time" "Residual"
ZONE F=POINT
1 0.00392157 0.00695075
2 0.00784314 0.00692108
3 0.0117647 0.00689176
4 0.0156863 0.00686278
5 0.0196078 0.00683413
6 0.0235294 0.00680582
7 0.027451 0.00677782
8 0.0313725 0.00675014
9 0.0352941 0.00672276
10 0.0392157 0.00669569
11 0.0431373 0.00666891
12 0.0470588 0.00664242
13 0.0509804 0.00661621
14 0.054902 0.00659028
15 0.0588235 0.00656462
16 0.0627451 0.00653923
17 0.0666667 0.0065141
18 0.0705882 0.00648922
19 0.0745098 0.0064646
20 0.0784314 0.00644022
21 0.0823529 0.00641609
22 0.0862745 0.00639219
23 0.0901961 0.00636852
24 0.0941176 0.00634509
25 0.0980392 0.00632188
26 0.101961 0.00629889
27 0.105882 0.00627611
28 0.109804 0.00625355
29 0.113725 0.0062312
30 0.117647 0.00620906
31 0.121569 0.00618711
32 0.12549 0.00616537
33 0.129412 0.00614382
34 0.133333 0.00612247
35 0.137255 0.0061013
36 0.141176 0.00608032
37 0.145098 0.00605953
38 0.14902 0.00603891
39 0.152941 0.00601847
40 0.156863 0.00599821
41 0.160784 0.00597812
42 0.164706 0.00595819
43 0.168627 0.00593844
44 0.172549 0.00591885
45 0.176471 0.00589942
46 0.180392 0.00588015
47 0.184314 0.00586103
48 0.188235 0.00584207
49 0.192157 0.00582327
50 0.196078 0.00580461
51 0.2 0.0057861
52 0.203922 0.00576774
53 0.207843 0.00574952
54 0.211765 0.00573144
55 0.215686 0.00571351
56 0.219608 0.00569571
57 0.223529 0.00567804
58 0.227451 0.00566051
59 0.231373 0.00564312
60 0.235294 0.00562585
61 0.239216 0.00560871
62 0.243137 0.0055917
63 0.247059 0.00557482
64 0.25098 0.00555806
65 0.254902 0.00554142
66 0.258824 0.0055249
67 0.262745 0.0055085
68 0.266667 0.00549221
69 0.270588 0.00547605
70 0.27451 0.00546
71 0.278431 0.00544406
72 0.282353 0.00542823
73 0.286275 0.00541251
74 0.290196 0.0053969
75 0.294118 0.0053814
76 0.298039 0.00536601
77 0.301961 0.00535072
78 0.305882 0.00533553
79 0.309804 0.00532045
80 0.313725 0.00530547
81 0.317647 0.00529059
82 0.321569 0.0052758
83 0.32549 0.00526112
84 0.329412 0.00524653
85 0.333333 0.00523204
86 0.337255 0.00521764
87 0.341176 0.00520333
88 0.345098 0.00518912
89 0.34902 0.005175
90 0.352941 0.00516097
91 0.356863 0.00514702
92 0.360784 0.00513317
93 0.364706 0.0051194
94 0.368627 0.00510572
95 0.372549 0.00509213
96 0.376471 0.00507862
97 0.380392 0.00506519
98 0.384314 0.00505184
99 0.388235 0.00503858
100 0.392157 0.0050254
101 0.396078 0.0050123
102 0.4 0.00499927
103 0.403922 0.00498633
104 0.407843 0.00497346
105 0.411765 0.00496067
106 0.415686 0.00494796
107 0.419608 0.00493532
108 0.423529 0.00492276
109 0.427451 0.00491027
110 0.431373 0.00489785
111 0.435294 0.0048855
112 0.439216 0.00487323
113 0.443137 0.00486102
114 0.447059 0.00484889
115 0.45098 0.00483683
116 0.454902 0.00482483
117 0.458824 0.0048129
118 0.462745 0.00480104
119 0.466667 0.00478925
120 0.470588 0.00477752
121 0.47451 0.00476586
122 0.478431 0.00475427
123 0.482353 0.00474273
124 0.486275 0.00473127
125 0.490196 0.00471986
126 0.494118 0.00470852
127 0.498039 0.00469723
128 0.501961 0.00468601
129 0.505882 0.00467485
130 0.509804 0.00466375
131 0.513725 0.00465271
132 0.517647 0.00464173
133 0.521569 0.00463081
134 0.52549 0.00461995
135 0.529412 0.00460914
136 0.533333 0.00459839
137 0.537255 0.0045877
138 0.541176 0.00457706
139 0.545098 0.00456648
140 0.54902 0.00455595
141 0.552941 0.00454548
142 0.556863 0.00453506
143 0.560784 0.0045247
144 0.564706 0.00451438
145 0.568627 0.00450412
146 0.572549 0.00449392
147 0.576471 0.00448376
148 0.580392 0.00447366
149 0.584314 0.00446361
150 0.588235 0.0044536
151 0.592157 0.00444365
152 0.596078 0.00443375
153 0.6 0.00442389
154 0.603922 0.00441409
155 0.607843 0.00440433
156 0.611765 0.00439462
157 0.615686 0.00438496
158 0.619608 0.00437535
159 0.623529 0.00436578
160 0.627451 0.00435626
161 0.631373 0.00434678
162 0.635294 0.00433735
163 0.639216 0.00432797
164 0.643137 0.00431863
165 0.647059 0.00430934
166 0.65098 0.00430009
167 0.654902 0.00429088
168 0.658824 0.00428172
169 0.662745 0.0042726
170 0.666667 0.00426352
171 0.670588 0.00425449
172 0.67451 0.0042455
173 0.678431 0.00423655
174 0.682353 0.00422764
175 0.686275 0.00421877
176 0.690196 0.00420994
177 0.694118 0.00420116
178 0.698039 0.00419241
179 0.701961 0.00418371
180 0.705882 0.00417504
181 0.709804 0.00416642
182 0.713725 0.00415783
183 0.717647 0.00414928
184 0.721569 0.00414077
185 0.72549 0.0041323
186 0.729412 0.00412386
187 0.733333 0.00411547
188 0.737255 0.00410711
189 0.741176 0.00409879
190 0.745098 0.0040905
191 0.74902 0.00408225
192 0.752941 0.00407404
193 0.756863 0.00406587
194 0.760784 0.00405773
195 0.764706 0.00404962
196 0.768627 0.00404155
197 0.772549 0.00403352
198 0.776471 0.00402552
199 0.780392 0.00401755
200 0.784314 0.00400962
201 0.788235 0.00400173
202 0.792157 0.00399386
203 0.796078 0.00398603
204 0.8 0.00397824
205 0.803922 0.00397047
206 0.807843 0.00396274
207 0.811765 0.00395505
208 0.815686 0.00394738
209 0.819608 0.00393975
210 0.823529 0.00393215
211 0.827451 0.00392458
212 0.831373 0.00391704
213 0.835294 0.00390953
214 0.839216 0.00390206
215 0.843137 0.00389461
216 0.847059 0.0038872
217 0.85098 0.00387982
218 0.854902 0.00387247
219 0.858824 0.00386514
220 0.862745 0.00385785
221 0.866667 0.00385059
222 0.870588 0.00384335
223 0.87451 0.00383615
224 0.878431 0.00382897
225 0.882353 0.00382183
226 0.886275 0.00381471
227 0.890196 0.00380762
228 0.894118 0.00380056
229 0.898039 0.00379353
230 0.901961 0.00378652
231 0.905882 0.00377954
232 0.909804 0.0037726
233 0.913725 0.00376567
234 0.917647 0.00375878
235 0.921569 0.00375191
236 0.92549 0.00374507
237 0.929412 0.00373826
238 0.933333 0.00373147
239 0.937255 0.00372471
240 0.941176 0.00371798
241 0.945098 0.00371127
242 0.94902 0.00370458
243 0.952941 0.00369793
244 0.956863 0.0036913
245 0.960784 0.00368469
246 0.964706 0.00367811
247 0.968627 0.00367156
248 0.972549 0.00366502
249 0.976471 0.00365852
250 0.980392 0.00365204
251 0.984314 0.00364558
252 0.988235 0.00363915
253 0.992157 0.00363274
254 0.996078 0.00362636
255 1 0.00362
256 1 2.86463e-15
