TITLE = "Residual History"
VARIABLES = "Step" "Time" "Residual"
ZONE F=POINT
1 0.00196078 0.00347537
2 0.00392157 0.00346078
3 0.00588235 0.00344632
4 0.00784314 0.00343198
5 0.00980392 0.00341776
6 0.0117647 0.00340367
7 0.0137255 0.00338969
8 0.0156863 0.00337583
9 0.0176471 0.00336209
10 0.0196078 0.00334847
11 0.0215686 0.00333495
12 0.0235294 0.00332155
13 0.0254902 0.00330826
14 0.027451 0.00329508
15 0.0294118 0.00328201
16 0.0313725 0.00326904
17 0.0333333 0.00325618
18 0.0352941 0.00324342
19 0.0372549 0.00323076
20 0.0392157 0.00321821
21 0.0411765 0.00320575
22 0.0431373 0.0031934
23 0.045098 0.00318114
24 0.0470588 0.00316898
25 0.0490196 0.00315691
26 0.0509804 0.00314494
27 0.0529412 0.00313306
28 0.054902 0.00312127
29 0.0568627 0.00310957
30 0.0588235 0.00309796
31 0.0607843 0.00308644
32 0.0627451 0.00307501
33 0.0647059 0.00306366
34 0.0666667 0.0030524
35 0.0686275 0.00304123
36 0.0705882 0.00303014
37 0.072549 0.00301913
38 0.0745098 0.0030082
39 0.0764706 0.00299735
40 0.0784314 0.00298658
41 0.0803922 0.0029759
42 0.0823529 0.00296528
43 0.0843137 0.00295475
44 0.0862745 0.00294429
45 0.0882353 0.00293391
46 0.0901961 0.00292361
47 0.0921569 0.00291337
48 0.0941176 0.00290321
49 0.0960784 0.00289312
50 0.0980392 0.00288311
51 0.1 0.00287316
52 0.101961 0.00286328
53 0.103922 0.00285348
54 0.105882 0.00284374
55 0.107843 0.00283407
56 0.109804 0.00282446
57 0.111765 0.00281492
58 0.113725 0.00280545
59 0.115686 0.00279604
60 0.117647 0.0027867
61 0.119608 0.00277742
62 0.121569 0.0027682
63 0.123529 0.00275904
64 0.12549 0.00274995
65 0.127451 0.00274092
66 0.129412 0.00273194
67 0.131373 0.00272303
68 0.133333 0.00271418
69 0.135294 0.00270538
70 0.137255 0.00269664
71 0.139216 0.00268796
72 0.141176 0.00267934
73 0.143137 0.00267077
74 0.145098 0.00266226
75 0.147059 0.0026538
76 0.14902 0.0026454
77 0.15098 0.00263705
78 0.152941 0.00262876
79 0.154902 0.00262052
80 0.156863 0.00261233
81 0.158824 0.00260419
82 0.160784 0.0025961
83 0.162745 0.00258807
84 0.164706 0.00258008
85 0.166667 0.00257215
86 0.168627 0.00256426
87 0.170588 0.00255642
88 0.172549 0.00254863
89 0.17451 0.00254089
90 0.176471 0.0025332
91 0.178431 0.00252556
92 0.180392 0.00251796
93 0.182353 0.0025104
94 0.184314 0.0025029
95 0.186275 0.00249544
96 0.188235 0.00248802
97 0.190196 0.00248065
98 0.192157 0.00247332
99 0.194118 0.00246604
100 0.196078 0.0024588
101 0.198039 0.0024516
102 0.2 0.00244445
103 0.201961 0.00243734
104 0.203922 0.00243026
105 0.205882 0.00242324
106 0.207843 0.00241625
107 0.209804 0.0024093
108 0.211765 0.00240239
109 0.213725 0.00239553
110 0.215686 0.0023887
111 0.217647 0.00238191
112 0.219608 0.00237517
113 0.221569 0.00236846
114 0.223529 0.00236178
115 0.22549 0.00235515
116 0.227451 0.00234855
117 0.229412 0.002342
118 0.231373 0.00233547
119 0.233333 0.00232899
120 0.235294 0.00232254
121 0.237255 0.00231613
122 0.239216 0.00230975
123 0.241176 0.00230341
124 0.243137 0.0022971
125 0.245098 0.00229083
126 0.247059 0.0022846
127 0.24902 0.00227839
128 0.25098 0.00227222
129 0.252941 0.00226609
130 0.254902 0.00225999
131 0.256863 0.00225392
132 0.258824 0.00224789
133 0.260784 0.00224188
134 0.262745 0.00223591
135 0.264706 0.00222997
136 0.266667 0.00222407
137 0.268627 0.00221819
138 0.270588 0.00221235
139 0.272549 0.00220654
140 0.27451 0.00220076
141 0.276471 0.002195
142 0.278431 0.00218928
143 0.280392 0.00218359
144 0.282353 0.00217793
145 0.284314 0.0021723
146 0.286275 0.0021667
147 0.288235 0.00216113
148 0.290196 0.00215558
149 0.292157 0.00215007
150 0.294118 0.00214458
151 0.296078 0.00213912
152 0.298039 0.00213369
153 0.3 0.00212829
154 0.301961 0.00212291
155 0.303922 0.00211757
156 0.305882 0.00211225
157 0.307843 0.00210695
158 0.309804 0.00210169
159 0.311765 0.00209645
160 0.313725 0.00209123
161 0.315686 0.00208604
162 0.317647 0.00208088
163 0.319608 0.00207575
164 0.321569 0.00207063
165 0.323529 0.00206555
166 0.32549 0.00206049
167 0.327451 0.00205545
168 0.329412 0.00205044
169 0.331373 0.00204546
170 0.333333 0.0020405
171 0.335294 0.00203556
172 0.337255 0.00203065
173 0.339216 0.00202576
174 0.341176 0.00202089
175 0.343137 0.00201605
176 0.345098 0.00201123
177 0.347059 0.00200644
178 0.34902 0.00200166
179 0.35098 0.00199691
180 0.352941 0.00199219
181 0.354902 0.00198748
182 0.356863 0.0019828
183 0.358824 0.00197814
184 0.360784 0.0019735
185 0.362745 0.00196889
186 0.364706 0.00196429
187 0.366667 0.00195972
188 0.368627 0.00195517
189 0.370588 0.00195064
190 0.372549 0.00194613
191 0.37451 0.00194164
192 0.376471 0.00193718
193 0.378431 0.00193273
194 0.380392 0.0019283
195 0.382353 0.0019239
196 0.384314 0.00191951
197 0.386275 0.00191515
198 0.388235 0.0019108
199 0.390196 0.00190648
200 0.392157 0.00190217
201 0.394118 0.00189789
202 0.396078 0.00189362
203 0.398039 0.00188937
204 0.4 0.00188515
205 0.401961 0.00188094
206 0.403922 0.00187675
207 0.405882 0.00187258
208 0.407843 0.00186842
209 0.409804 0.00186429
210 0.411765 0.00186017
211 0.413725 0.00185608
212 0.415686 0.001852
213 0.417647 0.00184793
214 0.419608 0.00184389
215 0.421569 0.00183987
216 0.423529 0.00183586
217 0.42549 0.00183187
218 0.427451 0.00182789
219 0.429412 0.00182394
220 0.431373 0.00182
221 0.433333 0.00181608
222 0.435294 0.00181217
223 0.437255 0.00180829
224 0.439216 0.00180442
225 0.441176 0.00180056
226 0.443137 0.00179672
227 0.445098 0.0017929
228 0.447059 0.0017891
229 0.44902 0.00178531
230 0.45098 0.00178154
231 0.452941 0.00177778
232 0.454902 0.00177404
233 0.456863 0.00177032
234 0.458824 0.00176661
235 0.460784 0.00176291
236 0.462745 0.00175924
237 0.464706 0.00175557
238 0.466667 0.00175193
239 0.468627 0.0017483
240 0.470588 0.00174468
241 0.472549 0.00174108
242 0.47451 0.00173749
243 0.476471 0.00173392
244 0.478431 0.00173036
245 0.480392 0.00172682
246 0.482353 0.00172329
247 0.484314 0.00171978
248 0.486275 0.00171628
249 0.488235 0.00171279
250 0.490196 0.00170932
251 0.492157 0.00170587
252 0.494118 0.00170242
253 0.496078 0.001699
254 0.498039 0.00169558
255 0.5 0.00169218
256 0.501961 0.00168879
257 0.503922 0.00168542
258 0.505882 0.00168206
259 0.507843 0.00167871
260 0.509804 0.00167538
261 0.511765 0.00167206
262 0.513725 0.00166875
263 0.515686 0.00166546
264 0.517647 0.00166218
265 0.519608 0.00165891
266 0.521569 0.00165566
267 0.523529 0.00165242
268 0.52549 0.00164919
269 0.527451 0.00164597
270 0.529412 0.00164277
271 0.531373 0.00163958
272 0.533333 0.0016364
273 0.535294 0.00163323
274 0.537255 0.00163008
275 0.539216 0.00162694
276 0.541176 0.00162381
277 0.543137 0.00162069
278 0.545098 0.00161758
279 0.547059 0.00161449
280 0.54902 0.00161141
281 0.55098 0.00160834
282 0.552941 0.00160528
283 0.554902 0.00160223
284 0.556863 0.0015992
285 0.558824 0.00159618
286 0.560784 0.00159316
287 0.562745 0.00159016
288 0.564706 0.00158717
289 0.566667 0.0015842
290 0.568627 0.00158123
291 0.570588 0.00157827
292 0.572549 0.00157533
293 0.57451 0.0015724
294 0.576471 0.00156947
295 0.578431 0.00156656
296 0.580392 0.00156366
297 0.582353 0.00156077
298 0.584314 0.00155789
299 0.586275 0.00155502
300 0.588235 0.00155217
301 0.590196 0.00154932
302 0.592157 0.00154648
303 0.594118 0.00154365
304 0.596078 0.00154084
305 0.598039 0.00153803
306 0.6 0.00153524
307 0.601961 0.00153245
308 0.603922 0.00152968
309 0.605882 0.00152691
310 0.607843 0.00152416
311 0.609804 0.00152141
312 0.611765 0.00151868
313 0.613725 0.00151595
314 0.615686 0.00151323
315 0.617647 0.00151053
316 0.619608 0.00150783
317 0.621569 0.00150515
318 0.623529 0.00150247
319 0.62549 0.0014998
320 0.627451 0.00149714
321 0.629412 0.0014945
322 0.631373 0.00149186
323 0.633333 0.00148923
324 0.635294 0.00148661
325 0.637255 0.001484
326 0.639216 0.00148139
327 0.641176 0.0014788
328 0.643137 0.00147622
329 0.645098 0.00147364
330 0.647059 0.00147108
331 0.64902 0.00146852
332 0.65098 0.00146597
333 0.652941 0.00146343
334 0.654902 0.0014609
335 0.656863 0.00145838
336 0.658824 0.00145587
337 0.660784 0.00145337
338 0.662745 0.00145087
339 0.664706 0.00144838
340 0.666667 0.00144591
341 0.668627 0.00144344
342 0.670588 0.00144098
343 0.672549 0.00143852
344 0.67451 0.00143608
345 0.676471 0.00143364
346 0.678431 0.00143122
347 0.680392 0.0014288
348 0.682353 0.00142638
349 0.684314 0.00142398
350 0.686275 0.00142159
351 0.688235 0.0014192
352 0.690196 0.00141682
353 0.692157 0.00141445
354 0.694118 0.00141209
355 0.696078 0.00140973
356 0.698039 0.00140739
357 0.7 0.00140505
358 0.701961 0.00140271
359 0.703922 0.00140039
360 0.705882 0.00139807
361 0.707843 0.00139577
362 0.709804 0.00139347
363 0.711765 0.00139117
364 0.713725 0.00138889
365 0.715686 0.00138661
366 0.717647 0.00138434
367 0.719608 0.00138208
368 0.721569 0.00137982
369 0.723529 0.00137757
370 0.72549 0.00137533
371 0.727451 0.0013731
372 0.729412 0.00137087
373 0.731373 0.00136865
374 0.733333 0.00136644
375 0.735294 0.00136423
376 0.737255 0.00136204
377 0.739216 0.00135985
378 0.741176 0.00135766
379 0.743137 0.00135549
380 0.745098 0.00135332
381 0.747059 0.00135115
382 0.74902 0.001349
383 0.75098 0.00134685
384 0.752941 0.00134471
385 0.754902 0.00134257
386 0.756863 0.00134045
387 0.758824 0.00133832
388 0.760784 0.00133621
389 0.762745 0.0013341
390 0.764706 0.001332
391 0.766667 0.00132991
392 0.768627 0.00132782
393 0.770588 0.00132574
394 0.772549 0.00132366
395 0.77451 0.00132159
396 0.776471 0.00131953
397 0.778431 0.00131748
398 0.780392 0.00131543
399 0.782353 0.00131338
400 0.784314 0.00131135
401 0.786275 0.00130932
402 0.788235 0.00130729
403 0.790196 0.00130528
404 0.792157 0.00130326
405 0.794118 0.00130126
406 0.796078 0.00129926
407 0.798039 0.00129727
408 0.8 0.00129528
409 0.801961 0.0012933
410 0.803922 0.00129133
411 0.805882 0.00128936
412 0.807843 0.0012874
413 0.809804 0.00128544
414 0.811765 0.00128349
415 0.813725 0.00128154
416 0.815686 0.00127961
417 0.817647 0.00127767
418 0.819608 0.00127575
419 0.821569 0.00127383
420 0.823529 0.00127191
421 0.82549 0.00127
422 0.827451 0.0012681
423 0.829412 0.0012662
424 0.831373 0.00126431
425 0.833333 0.00126242
426 0.835294 0.00126054
427 0.837255 0.00125866
428 0.839216 0.00125679
429 0.841176 0.00125493
430 0.843137 0.00125307
431 0.845098 0.00125122
432 0.847059 0.00124937
433 0.84902 0.00124753
434 0.85098 0.00124569
435 0.852941 0.00124386
436 0.854902 0.00124203
437 0.856863 0.00124021
438 0.858824 0.0012384
439 0.860784 0.00123659
440 0.862745 0.00123478
441 0.864706 0.00123298
442 0.866667 0.00123119
443 0.868627 0.0012294
444 0.870588 0.00122762
445 0.872549 0.00122584
446 0.87451 0.00122406
447 0.876471 0.0012223
448 0.878431 0.00122053
449 0.880392 0.00121878
450 0.882353 0.00121702
451 0.884314 0.00121527
452 0.886275 0.00121353
453 0.888235 0.00121179
454 0.890196 0.00121006
455 0.892157 0.00120833
456 0.894118 0.00120661
457 0.896078 0.00120489
458 0.898039 0.00120318
459 0.9 0.00120147
460 0.901961 0.00119977
461 0.903922 0.00119807
462 0.905882 0.00119638
463 0.907843 0.00119469
464 0.909804 0.001193
465 0.911765 0.00119132
466 0.913725 0.00118965
467 0.915686 0.00118798
468 0.917647 0.00118631
469 0.919608 0.00118465
470 0.921569 0.001183
471 0.923529 0.00118135
472 0.92549 0.0011797
473 0.927451 0.00117806
474 0.929412 0.00117642
475 0.931373 0.00117479
476 0.933333 0.00117316
477 0.935294 0.00117153
478 0.937255 0.00116991
479 0.939216 0.0011683
480 0.941176 0.00116669
481 0.943137 0.00116508
482 0.945098 0.00116348
483 0.947059 0.00116188
484 0.94902 0.00116029
485 0.95098 0.0011587
486 0.952941 0.00115712
487 0.954902 0.00115554
488 0.956863 0.00115396
489 0.958824 0.00115239
490 0.960784 0.00115083
491 0.962745 0.00114926
492 0.964706 0.00114771
493 0.966667 0.00114615
494 0.968627 0.0011446
495 0.970588 0.00114306
496 0.972549 0.00114151
497 0.97451 0.00113998
498 0.976471 0.00113844
499 0.978431 0.00113692
500 0.980392 0.00113539
501 0.982353 0.00113387
502 0.984314 0.00113235
503 0.986275 0.00113084
504 0.988235 0.00112933
505 0.990196 0.00112783
506 0.992157 0.00112633
507 0.994118 0.00112483
508 0.996078 0.00112334
509 0.998039 0.00112185
510 1 0.00112036
511 1 1.90066e-15
